41.69 28.88
693.6 38.08
172.3 52.17
299.61 86.61
567.28 87.6
432.55 100.34
51.75 126.82
739.55 133.4
173.83 142.77
525.82 197.93
302.21 205.99
655.19 219.75
157.95 228.87
417.27 231.6
63.34 247.04
227.33 277.1
558.79 317.32
36.05 325.27
668.09 344.24
134.28 340.67
316.73 355.22
397.9 361.75
491.87 386.29
216.21 399.35
150.01 401.72
70.38 442.52
291.98 453.39
403.34 457.97
699.25 456.33
599.13 460.48
174.11 479.98
215.52 550.52
742.86 562.56
71.02 562.14
287.59 567.69
646.16 575.08
147.83 580.6
458.97 586.7
373.01 645.92
556.33 648.77
209 653.87
289.76 689.4
718.02 692.59
121.01 695.4
453.84 741.21
557.76 755.65
204.37 760.3
111.66 772.63
320.8 781.21
670.29 784.54
766 791.54
241.84 836.87
413.5 838.56
92.67 857.66
541.7 861.95
662.35 874.76
183.63 892.73
314.41 926.55
81.62 933.86
36.53 944.04
187.43 954.28
495.15 964.47
389.01 970.53
639.92 973.56
718.49 993.77
