133.61 36.75
509.57 60.5
211.47 82.14
729.98 92.94
42.01 95.63
317.03 120.03
436.03 125.37
136.82 150.88
628.52 154.91
218.33 192.19
719.55 195.16
352.17 206.1
557.92 208.06
459.72 214.33
81.01 222.68
278.66 276.52
647.22 279.52
400.48 299.64
166.16 307.43
542.16 329.65
70.17 339.83
321.86 391.34
448.42 403.87
748.14 406.76
242.68 417.55
614.95 418.48
360.23 460.73
686.41 472.64
542.26 475.05
38.92 481.55
144.65 493.03
491.46 513.88
265.41 535.65
428.85 545.2
234.25 572.13
570.95 573.81
331.34 581.05
114.6 584.03
703.85 588.08
42.63 606.7
418.84 663.64
34.5 665.12
289.81 667.53
561.32 677.83
225.5 687.99
103.26 692.03
742.27 701.1
474.37 730.79
648.71 736.06
179.67 740.85
403.37 770.19
280.47 773.37
52.9 782.3
144.44 808.04
586.43 821.73
397.6 826.41
349.31 844.83
63.51 849.38
503.02 851.27
285.8 857.14
706.91 860.29
213.15 878.63
143.33 892
762.89 903.35
620.04 923.08
363.87 927.82
66.05 943.64
481.27 942.58
153.93 968.04
268.88 968.11
